image: /home/user/rosOC/src/robot_pkg/data/2024_10_28_16_47_37_0_0_A/map.pgm
resolution: 0.050000
origin: [-0.653504, -4.539960, 0.000000]
negate: 0
occupied_thresh: 0.65
free_thresh: 0.196

