image: /home/user/rosOC/src/robot_pkg/data/2024_10_31_16_15_58_0_0_A/map.pgm
resolution: 0.050000
origin: [-0.657500, -4.578134, 0.000000]
negate: 0
occupied_thresh: 0.65
free_thresh: 0.196

