image: /home/user/rosOC/src/robot_pkg/data/2024_4_25_10_59_50_0_0_A/map.pgm
resolution: 0.050000
origin: [-0.512123, -0.650889, 0.000000]
negate: 0
occupied_thresh: 0.65
free_thresh: 0.196

