image: /home/user/rosOC/src/robot_pkg/data/2024_9_24_10_32_24_0_0_A/map.pgm
resolution: 0.050000
origin: [-0.660429, -4.562825, 0.000000]
negate: 0
occupied_thresh: 0.65
free_thresh: 0.196

