image: /home/user/rosOC/src/robot_pkg/data/2024_10_28_17_42_16_0_0_A/map.pgm
resolution: 0.050000
origin: [-0.646435, -0.978162, 0.000000]
negate: 0
occupied_thresh: 0.65
free_thresh: 0.196

