image: /home/user/rosOC/src/robot_pkg/data/2024_10_31_13_51_1_0_0_A/map.pgm
resolution: 0.050000
origin: [-0.657680, -4.564779, 0.000000]
negate: 0
occupied_thresh: 0.65
free_thresh: 0.196

