image: /home/user/rosOC/src/robot_pkg/data/2024_5_11_14_20_8_0_0_A/map.pgm
resolution: 0.050000
origin: [-0.655357, -4.536855, 0.000000]
negate: 0
occupied_thresh: 0.65
free_thresh: 0.196

