image: /home/user/rosOC/src/robot_pkg/data/2024_10_24_18_59_41_0_0_A/map.pgm
resolution: 0.050000
origin: [-0.659957, -4.494029, 0.000000]
negate: 0
occupied_thresh: 0.65
free_thresh: 0.196

