image: /home/user/rosOC/src/robot_pkg/data/2023_5_19_13_49_36_0_0_A/map.pgm
resolution: 0.050000
origin: [-0.655542, -4.495603, 0.000000]
negate: 0
occupied_thresh: 0.65
free_thresh: 0.196

