image: /home/user/rosOC/src/robot_pkg/data/2024_10_18_15_17_17_0_0_A/map.pgm
resolution: 0.050000
origin: [-0.660905, -4.512535, 0.000000]
negate: 0
occupied_thresh: 0.65
free_thresh: 0.196

