image: /home/user/rosOC/src/robot_pkg/data/2024_10_29_18_12_27_0_0_A/map.pgm
resolution: 0.050000
origin: [-0.652073, -4.514678, 0.000000]
negate: 0
occupied_thresh: 0.65
free_thresh: 0.196

