image: /home/user/rosOC/src/robot_pkg/data/2024_9_24_13_59_23_0_0_A/map.pgm
resolution: 0.050000
origin: [-0.661073, -4.497108, 0.000000]
negate: 0
occupied_thresh: 0.65
free_thresh: 0.196

