image: /home/user/rosOC/src/robot_pkg/data/2024_10_29_15_36_35_0_0_A/map.pgm
resolution: 0.050000
origin: [-0.647246, -0.976294, 0.000000]
negate: 0
occupied_thresh: 0.65
free_thresh: 0.196

