image: /home/user/rosOC/src/robot_pkg/data/2024_5_11_11_5_36_0_0_A/map.pgm
resolution: 0.050000
origin: [-0.657044, -4.507708, 0.000000]
negate: 0
occupied_thresh: 0.65
free_thresh: 0.196

