image: /home/user/rosOC/src/robot_pkg/data/2024_10_31_15_18_50_0_0_A/map.pgm
resolution: 0.050000
origin: [-0.651080, -3.745334, 0.000000]
negate: 0
occupied_thresh: 0.65
free_thresh: 0.196

